   -0.11953889
    0.07785222
   -0.12790466
   -0.14568714
    0.16407345
    0.07778698
    0.05032362
   -0.19473078
    0.04747732
    0.09372673
   -0.03684991
   -0.01385280
   -0.08864825
    0.20680003
   -0.25709097
    0.44454062
   -0.21343135
   -0.18789138
   -0.12750632
    0.26718344
   -0.42505262
   -0.21154667
   -0.25516220
    0.11055134
   -0.12021220
    0.05916234
    0.05873965
    0.07166729
    0.06360241
    0.08604539
    0.10397998
    0.06721490
    0.05874644
    0.22146805
    0.06152067
    0.06234873
    0.07029455
