           1           2   1.03150676787407     
           2           3   1.46899015437488     
           3           4   1.38097865238314     
           4           5   1.42040044516063     
           5           6   1.03592475124984     
           6           7   1.33837960042705     
           7           8   1.44979211222041     
           6           9  0.105786288484953     
           8           9   1.45552386071481     
           7          10  0.102607237816251     
           9          10   1.32689601234876     
          10          11   1.07503286937325     
          11          12   1.53667356410350     
          12          13   1.29345834350795     
          13          14   1.48642094191774     
          14          15  0.999696408790587     
          15          16   1.00925300552889     
          16          17  0.939237493770300     
          16          18  0.967936208314724     
          14          19   1.23786369816536     
          11          20   1.10497950207773     
          19          20   1.07294866396891     
          19          21  0.147910086811944     
          20          21   1.66408627069514     
           6          22   1.41173462043891     
          10          22   1.39093326404733     
           5          23   1.32751197912673     
           2          24   1.26964533724268     
           4          24  0.106092297627241     
          23          24   1.47594389263834     
          24          25   1.03275694182100     
           1          26  0.962974800009024     
           1          27  0.964328605622795     
           1          28  0.981689985815357     
           7          29  0.959396320575751     
           9          30  0.951619604744341     
          12          31  0.954836935687870     
          13          32  0.964004240252188     
          16          33  0.930568109534167     
          19          34  0.916087736159255     
          25          35  0.982079143931351     
          25          36  0.960826798662523     
          25          37  0.962108676416992     
